ServiceName							3790	6000	6002	7601	9200	9600	10061	10240	10586	14393	15063	16299	17134	17763	18252	18267	18272	18282	18290	18298	
0001) NtAcceptConnectPort                                  	96	96	96	96	97	1	2	2	2	2	2	2	2	2	2	2	2	2	2	2
0002) NtAccessCheck                                        	97	97	97	97	98	98	0	0	0	0	0	0	0	0	0	0	0	0	0	0
0003) NtAccessCheckAndAuditAlarm                           	38	38	38	38	39	40	41	41	41	41	41	41	41	41	41	41	41	41	41	41
0004) NtAccessCheckByType                                  	98	98	98	98	99	99	99	99	99	99	99	99	99	99	99	99	99	99	99	99
0005) NtAccessCheckByTypeAndAuditAlarm                     	86	86	86	86	87	88	89	89	89	89	89	89	89	89	89	89	89	89	89	89
0006) NtAccessCheckByTypeResultList                        	99	99	99	99	100	100	100	100	100	100	100	100	100	100	100	100	100	100	100	100
0007) NtAccessCheckByTypeResultListAndAuditAlarm           	100	100	100	100	101	101	101	101	101	101	101	101	101	101	101	101	101	101	101	101
0008) NtAccessCheckByTypeResultListAndAuditAlarmByHandle   	101	101	101	101	102	102	102	102	102	102	102	102	102	102	102	102	102	102	102	102
0009) NtAddAtom                                            	68	68	68	68	69	70	71	71	71	71	71	71	71	71	71	71	71	71	71	71
0010) NtAddBootEntry                                       	102	103	103	102	104	104	104	104	104	104	105	105	105	105	105	105	105	105	105	105
0011) NtAddDriverEntry                                     	103	104	104	103	105	105	105	105	105	105	106	106	106	106	106	106	106	106	106	106
0012) NtAdjustGroupsToken                                  	104	105	105	104	106	106	106	106	106	106	107	107	107	107	107	107	107	107	107	107
0013) NtAdjustPrivilegesToken                              	62	62	62	62	63	64	65	65	65	65	65	65	65	65	65	65	65	65	65	65
0014) NtAlertResumeThread                                  	105	106	106	105	108	108	108	108	108	108	109	109	109	109	109	109	109	109	109	109
0015) NtAlertThread                                        	106	107	107	106	109	109	109	109	109	109	110	110	110	110	110	110	110	110	110	110
0016) NtAllocateLocallyUniqueId                            	107	108	108	107	111	111	111	111	111	111	112	112	112	112	112	112	112	112	112	112
0017) NtAllocateUserPhysicalPages                          	108	109	109	109	113	113	113	113	113	113	114	114	114	114	114	114	114	114	114	114
0018) NtAllocateUuids                                      	109	110	110	110	114	114	114	114	114	114	115	115	115	115	115	115	115	115	115	115
0019) NtAllocateVirtualMemory                              	21	21	21	21	22	23	24	24	24	24	24	24	24	24	24	24	24	24	24	24
0020) NtApphelpCacheControl                                	73	73	73	73	74	75	76	76	76	76	76	76	76	76	76	76	76	76	76	76
0021) NtAreMappedFilesTheSame                              	110	132	132	132	137	137	138	138	138	138	139	139	140	140	140	140	140	140	140	140
0022) NtAssignProcessToJobObject                           	111	133	133	133	138	138	139	139	139	139	140	140	141	141	141	141	141	141	141	141
0023) NtCallbackReturn                                     	2	2	2	2	3	4	5	5	5	5	5	5	5	5	5	5	5	5	5	5
0024) NtCancelDeviceWakeupRequest                          	112	134	134	 	 	 	 	 	 	 	 	 	 	 	 	 	 	 	 	 
0025) NtCancelIoFile                                       	90	90	90	90	91	92	93	93	93	93	93	93	93	93	93	93	93	93	93	93
0026) NtCancelTimer                                        	94	94	94	94	95	96	97	97	97	97	97	97	97	97	97	97	97	97	97	97
0027) NtClearEvent                                         	59	59	59	59	60	61	62	62	62	62	62	62	62	62	62	62	62	62	62	62
0028) NtClose                                              	12	12	12	12	13	14	15	15	15	15	15	15	15	15	15	15	15	15	15	15
0029) NtCloseObjectAuditAlarm                              	56	56	56	56	57	58	59	59	59	59	59	59	59	59	59	59	59	59	59	59
0030) NtCompactKeys                                        	113	142	140	139	146	147	149	148	148	149	150	151	152	152	152	152	152	152	152	152
0031) NtCompareTokens                                      	114	143	141	140	147	148	151	150	150	151	153	154	155	155	155	155	155	155	155	155
0032) NtCompleteConnectPort                                	115	144	142	141	148	149	152	151	151	152	154	155	156	156	156	156	156	156	156	156
0033) NtCompressKey                                        	116	145	143	142	149	150	153	152	152	153	155	156	157	157	157	157	157	157	157	157
0034) NtConnectPort                                        	117	146	144	143	150	151	154	153	153	154	156	157	158	158	158	158	158	158	158	158
0035) NtContinue                                           	64	64	64	64	65	66	67	67	67	67	67	67	67	67	67	67	67	67	67	67
0036) NtCreateDebugObject                                  	118	147	145	144	151	152	155	154	154	155	158	159	160	160	160	160	161	161	161	161
0037) NtCreateDirectoryObject                              	119	148	146	145	152	153	156	155	155	156	159	160	161	161	161	161	162	162	162	162
0038) NtCreateEvent                                        	69	69	69	69	70	71	72	72	72	72	72	72	72	72	72	72	72	72	72	72
0039) NtCreateEventPair                                    	120	150	148	147	155	156	159	158	159	160	163	164	165	165	165	165	166	166	166	166
0040) NtCreateFile                                         	82	82	82	82	83	84	85	85	85	85	85	85	85	85	85	85	85	85	85	85
0041) NtCreateIoCompletion                                 	121	151	149	148	157	158	161	160	161	162	165	166	167	167	167	167	168	168	168	168
0042) NtCreateJobObject                                    	122	152	150	149	158	159	162	161	162	163	166	167	168	168	168	168	169	169	169	169
0043) NtCreateJobSet                                       	123	153	151	150	159	160	163	162	163	164	167	168	169	169	169	169	170	170	170	170
0044) NtCreateKey                                          	26	26	26	26	27	28	29	29	29	29	29	29	29	29	29	29	29	29	29	29
0045) NtCreateKeyedEvent                                   	124	155	153	152	161	162	165	164	165	166	169	170	171	171	171	171	172	172	172	172
0046) NtCreateMailslotFile                                 	125	156	154	153	163	164	167	166	167	168	171	172	173	173	173	173	174	174	174	174
0047) NtCreateMutant                                       	126	157	155	154	164	165	168	167	168	169	172	173	174	174	174	174	175	175	175	175
0048) NtCreateNamedPipeFile                                	127	158	156	155	165	166	169	168	169	170	173	174	175	175	175	175	176	176	176	176
0049) NtCreatePagingFile                                   	128	159	157	156	166	167	170	169	170	171	174	175	176	176	176	176	177	177	177	177
0050) NtCreatePort                                         	129	160	158	157	167	168	172	171	172	173	176	177	178	178	178	178	179	179	179	179
0051) NtCreateProcess                                      	130	162	160	159	169	170	174	173	174	175	178	179	180	180	180	180	181	181	181	181
0052) NtCreateProcessEx                                    	74	74	74	74	75	76	77	77	77	77	77	77	77	77	77	77	77	77	77	77
0053) NtCreateProfile                                      	131	163	161	160	170	171	175	174	175	176	179	180	181	181	181	181	182	182	182	182
0054) NtCreateSection                                      	71	71	71	71	72	73	74	74	74	74	74	74	74	74	74	74	74	74	74	74
0055) NtCreateSemaphore                                    	132	165	163	163	173	174	178	177	178	180	183	184	185	186	186	186	187	187	187	187
0056) NtCreateSymbolicLinkObject                           	133	166	164	164	174	175	180	178	179	181	184	185	186	187	187	187	188	188	188	188
0057) NtCreateThread                                       	75	75	75	75	76	77	78	78	78	78	78	78	78	78	78	78	78	78	78	78
0058) NtCreateTimer                                        	134	168	166	166	176	177	182	180	181	183	186	187	188	189	189	189	190	190	190	190
0059) NtCreateToken                                        	135	169	167	167	177	179	184	182	183	185	188	189	190	191	191	191	192	192	192	192
0060) NtCreateWaitablePort                                 	136	173	171	171	183	185	190	188	189	191	194	195	196	197	197	197	198	198	198	198
0061) NtDebugActiveProcess                                 	137	175	173	173	186	188	193	191	192	194	197	198	199	200	200	200	201	201	201	201
0062) NtDebugContinue                                      	138	176	174	174	187	189	194	192	193	195	198	199	200	201	201	201	202	202	202	202
0063) NtDelayExecution                                     	49	49	49	49	50	51	52	52	52	52	52	52	52	52	52	52	52	52	52	52
0064) NtDeleteAtom                                         	139	177	175	175	188	190	195	193	194	196	199	200	201	202	202	202	203	203	203	203
0065) NtDeleteBootEntry                                    	140	178	176	176	189	191	196	194	195	197	200	201	202	203	203	203	204	204	204	204
0066) NtDeleteDriverEntry                                  	141	179	177	177	190	192	197	195	196	198	201	202	203	204	204	204	205	205	205	205
0067) NtDeleteFile                                         	142	180	178	178	191	193	198	196	197	199	202	203	204	205	205	205	206	206	206	206
0068) NtDeleteKey                                          	143	181	179	179	192	194	199	197	198	200	203	204	205	206	206	206	207	207	207	207
0069) NtDeleteObjectAuditAlarm                             	144	182	180	180	193	195	200	198	199	201	204	205	206	207	207	207	208	208	208	208
0070) NtDeleteValueKey                                     	145	184	182	182	195	197	202	200	201	203	206	207	208	209	209	209	210	210	210	210
0071) NtDeviceIoControlFile                                	4	4	4	4	5	6	7	7	7	7	7	7	7	7	7	7	7	7	7	7
0072) NtDisplayString                                      	146	185	183	184	199	201	206	204	205	207	210	211	212	213	213	213	214	214	214	214
0073) NtDuplicateObject                                    	57	57	57	57	58	59	60	60	60	60	60	60	60	60	60	60	60	60	60	60
0074) NtDuplicateToken                                     	63	63	63	63	64	65	66	66	66	66	66	66	66	66	66	66	66	66	66	66
0075) NtEnumerateBootEntries                               	147	186	184	187	202	204	209	207	208	210	213	214	215	216	216	216	217	217	217	217
0076) NtEnumerateDriverEntries                             	148	187	185	188	203	205	210	208	209	211	214	215	216	217	217	217	218	218	218	218
0077) NtEnumerateKey                                       	47	47	47	47	48	49	50	50	50	50	50	50	50	50	50	50	50	50	50	50
0078) NtEnumerateSystemEnvironmentValuesEx                 	149	188	186	189	204	206	211	209	210	212	215	216	217	218	218	218	219	219	219	219
0079) NtEnumerateValueKey                                  	16	16	16	16	17	18	19	19	19	19	19	19	19	19	19	19	19	19	19	19
0080) NtExtendSection                                      	150	190	188	191	206	208	213	211	212	214	217	218	219	220	220	220	221	221	221	221
0081) NtFilterToken                                        	151	191	189	192	208	210	215	213	214	216	219	220	221	222	222	222	223	223	223	223
0082) NtFindAtom                                           	17	17	17	17	18	19	20	20	20	20	20	20	20	20	20	20	20	20	20	20
0083) NtFlushBuffersFile                                   	72	72	72	72	73	74	75	75	75	75	75	75	75	75	75	75	75	75	75	75
0084) NtFlushInstructionCache                              	152	193	191	194	212	214	219	217	218	220	223	224	225	226	226	226	227	227	227	227
0085) NtFlushKey                                           	153	194	192	195	213	215	220	218	219	221	224	225	226	227	227	227	228	228	228	228
0086) NtFlushVirtualMemory                                 	154	196	194	197	215	217	222	220	221	223	226	227	228	229	229	229	230	230	230	230
0087) NtFlushWriteBuffer                                   	155	197	195	198	216	218	223	221	222	224	227	228	229	230	230	230	231	231	231	231
0088) NtFreeUserPhysicalPages                              	156	198	196	199	217	219	224	222	223	225	228	229	230	231	231	231	232	232	232	232
0089) NtFreeVirtualMemory                                  	27	27	27	27	28	29	30	30	30	30	30	30	30	30	30	30	30	30	30	30
0090) NtFsControlFile                                      	54	54	54	54	55	56	57	57	57	57	57	57	57	57	57	57	57	57	57	57
0091) NtGetContextThread                                   	157	201	199	202	221	224	229	227	228	230	233	234	235	236	236	236	237	237	237	237
0092) NtGetCurrentProcessorNumber                          	158	202	200	203	222	225	230	228	229	231	234	235	236	237	237	237	238	238	238	238
0093) NtGetDevicePowerState                                	159	203	201	204	223	226	232	230	231	233	236	237	238	239	239	239	240	240	240	240
0094) NtGetPlugPlayEvent                                   	160	209	207	210	 	 	 	 	 	 	 	 	 	 	 	 	 	 	 	 
0095) NtGetWriteWatch                                      	161	210	208	211	229	232	238	236	237	239	242	243	244	245	245	245	246	246	246	246
0096) NtImpersonateAnonymousToken                          	162	211	209	212	230	233	239	237	238	240	243	244	245	246	246	246	247	247	247	247
0097) NtImpersonateClientOfPort                            	28	28	28	28	29	30	31	31	31	31	31	31	31	31	31	31	31	31	31	31
0098) NtImpersonateThread                                  	163	212	210	213	231	234	240	238	239	241	244	245	246	247	247	247	248	248	248	248
0099) NtInitializeRegistry                                 	164	214	212	215	233	236	242	240	242	244	247	248	249	250	250	250	251	251	251	251
0100) NtInitiatePowerAction                                	165	215	213	216	234	237	243	241	243	245	248	249	250	251	251	251	252	252	252	252
0101) NtIsProcessInJob                                     	76	76	76	76	77	78	79	79	79	79	79	79	79	79	79	79	79	79	79	79
0102) NtIsSystemResumeAutomatic                            	166	216	214	217	235	238	244	242	244	246	249	250	251	252	252	252	253	253	253	253
0103) NtListenPort                                         	167	219	216	219	237	240	246	244	246	248	251	252	253	254	254	254	255	255	255	255
0104) NtLoadDriver                                         	168	220	217	220	238	241	247	245	247	249	252	253	254	255	255	255	256	256	256	256
0105) NtLoadKey                                            	169	221	218	221	239	242	248	246	249	251	255	256	257	257	257	257	258	258	258	258
0106) NtLoadKey2                                           	170	222	219	222	240	243	249	247	250	252	256	257	258	258	258	258	259	259	259	259
0107) NtLoadKeyEx                                          	171	223	220	223	241	244	250	248	251	253	257	258	259	259	259	259	260	260	260	260
0108) NtLockFile                                           	172	224	221	224	242	245	251	249	252	254	258	259	260	260	260	260	261	261	261	261
0109) NtLockProductActivationKeys                          	173	225	222	225	243	246	252	250	253	255	259	260	261	261	261	261	262	262	262	262
0110) NtLockRegistryKey                                    	174	226	223	226	244	247	253	251	254	256	260	261	262	262	262	262	263	263	263	263
0111) NtLockVirtualMemory                                  	175	227	224	227	245	248	254	252	255	257	261	262	263	263	263	263	264	264	264	264
0112) NtMakePermanentObject                                	176	228	225	228	246	249	255	253	256	258	262	263	264	264	264	264	265	265	265	265
0113) NtMakeTemporaryObject                                	177	229	226	229	247	250	256	254	257	259	263	264	265	265	265	265	266	266	266	266
0114) NtMapUserPhysicalPages                               	178	231	228	231	249	252	259	257	260	262	266	267	268	269	269	269	270	270	270	270
0115) NtMapUserPhysicalPagesScatter                        	0	0	0	0	1	2	3	3	3	3	3	3	3	3	3	3	3	3	3	3
0116) NtMapViewOfSection                                   	37	37	37	37	38	39	40	40	40	40	40	40	40	40	40	40	40	40	40	40
0117) NtModifyBootEntry                                    	179	233	229	232	250	253	260	258	261	263	267	268	270	271	271	271	272	272	272	272
0118) NtModifyDriverEntry                                  	180	234	230	233	251	254	261	259	262	264	268	269	271	272	272	272	273	273	273	273
0119) NtNotifyChangeDirectoryFile                          	181	235	231	234	252	255	262	260	263	265	269	270	272	273	273	273	274	274	274	274
0120) NtNotifyChangeKey                                    	182	236	232	235	253	256	263	261	264	266	270	272	274	275	275	275	276	276	276	276
0121) NtNotifyChangeMultipleKeys                           	183	237	233	236	254	257	264	262	265	267	271	273	275	276	276	276	277	277	277	277
0122) NtOpenDirectoryObject                                	85	85	85	85	86	87	88	88	88	88	88	88	88	88	88	88	88	88	88	88
0123) NtOpenEvent                                          	61	61	61	61	62	63	64	64	64	64	64	64	64	64	64	64	64	64	64	64
0124) NtOpenEventPair                                      	184	239	235	239	257	260	267	265	268	270	274	276	278	279	279	279	280	280	280	280
0125) NtOpenFile                                           	48	48	48	48	49	50	51	51	51	51	51	51	51	51	51	51	51	51	51	51
0126) NtOpenIoCompletion                                   	185	240	236	240	258	261	268	266	269	271	275	277	279	280	280	280	281	281	281	281
0127) NtOpenJobObject                                      	186	241	237	241	259	262	269	267	270	272	276	278	280	281	281	281	282	282	282	282
0128) NtOpenKey                                            	15	15	15	15	16	17	18	18	18	18	18	18	18	18	18	18	18	18	18	18
0129) NtOpenKeyedEvent                                     	187	243	239	245	263	266	273	271	274	276	280	282	284	285	285	285	286	286	286	286
0130) NtOpenMutant                                         	188	244	240	246	264	267	274	272	275	277	281	283	285	286	286	286	287	287	287	287
0131) NtOpenObjectAuditAlarm                               	189	245	241	247	265	268	275	273	276	278	282	284	286	287	287	287	288	288	288	288
0132) NtOpenProcess                                        	35	35	35	35	36	37	38	38	38	38	38	38	38	38	38	38	38	38	38	38
0133) NtOpenProcessToken                                   	190	247	243	249	267	270	278	276	279	281	285	287	289	290	290	290	291	291	291	291
0134) NtOpenProcessTokenEx                                 	45	45	45	45	46	47	48	48	48	48	48	48	48	48	48	48	48	48	48	48
0135) NtOpenSection                                        	52	52	52	52	53	54	55	55	55	55	55	55	55	55	55	55	55	55	55	55
0136) NtOpenSemaphore                                      	191	249	245	251	269	272	280	278	281	284	288	290	292	293	293	293	294	294	294	294
0137) NtOpenSymbolicLinkObject                             	192	251	247	253	271	274	283	280	283	286	290	292	294	295	295	295	296	296	296	296
0138) NtOpenThread                                         	193	252	248	254	272	275	284	281	284	287	291	293	295	296	296	296	297	297	297	297
0139) NtOpenThreadToken                                    	33	33	33	33	34	35	36	36	36	36	36	36	36	36	36	36	36	36	36	36
0140) NtOpenThreadTokenEx                                  	44	44	44	44	45	46	47	47	47	47	47	47	47	47	47	47	47	47	47	47
0141) NtOpenTimer                                          	194	253	249	255	273	276	285	282	285	288	292	294	296	297	297	297	298	298	298	298
0142) NtPlugPlayControl                                    	195	256	252	258	276	279	288	285	288	291	295	297	299	300	300	300	301	301	301	301
0143) NtPowerInformation                                   	92	92	92	92	93	94	95	95	95	95	95	95	95	95	95	95	95	95	95	95
0144) NtPrivilegeCheck                                     	196	261	257	263	281	284	293	290	293	296	300	302	304	305	305	305	306	306	306	306
0145) NtPrivilegedServiceAuditAlarm                        	198	263	259	265	283	286	295	292	295	298	302	304	306	307	307	307	308	308	308	308
0146) NtPrivilegeObjectAuditAlarm                          	197	262	258	264	282	285	294	291	294	297	301	303	305	306	306	306	307	307	307	307
0147) NtProtectVirtualMemory                               	77	77	77	77	78	79	80	80	80	80	80	80	80	80	80	80	80	80	80	80
0148) NtPulseEvent                                         	199	267	262	268	286	289	298	295	298	301	305	307	309	310	310	310	311	311	311	311
0149) NtQueryAttributesFile                                	58	58	58	58	59	60	61	61	61	61	61	61	61	61	61	61	61	61	61	61
0150) NtQueryBootEntryOrder                                	200	268	263	269	287	290	299	296	299	302	307	309	311	312	312	312	313	313	313	313
0151) NtQueryBootOptions                                   	201	269	264	270	288	291	300	297	300	303	308	310	312	313	313	313	314	314	314	314
0152) NtQueryDebugFilterState                              	202	270	265	271	289	292	301	298	301	304	309	311	313	314	314	314	315	315	315	315
0153) NtQueryDefaultLocale                                 	18	18	18	18	19	20	21	21	21	21	21	21	21	21	21	21	21	21	21	21
0154) NtQueryDefaultUILanguage                             	65	65	65	65	66	67	68	68	68	68	68	68	68	68	68	68	68	68	68	68
0155) NtQueryDirectoryFile                                 	50	50	50	50	51	52	53	53	53	53	53	53	53	53	53	53	53	53	53	53
0156) NtQueryDirectoryObject                               	203	271	266	272	290	293	302	299	302	305	310	313	315	316	316	316	317	317	317	317
0157) NtQueryDriverEntryOrder                              	204	272	267	273	291	294	303	300	303	306	311	314	316	317	317	317	318	318	318	318
0158) NtQueryEaFile                                        	205	273	268	274	292	295	304	301	304	307	312	315	317	318	318	318	319	319	319	319
0159) NtQueryEvent                                         	83	83	83	83	84	85	86	86	86	86	86	86	86	86	86	86	86	86	86	86
0160) NtQueryFullAttributesFile                            	206	274	269	275	293	296	305	302	305	308	313	316	318	319	319	319	320	320	320	320
0161) NtQueryInformationAtom                               	207	275	270	276	294	297	306	303	306	309	314	317	319	320	320	320	321	321	321	321
0162) NtQueryInformationFile                               	14	14	14	14	15	16	17	17	17	17	17	17	17	17	17	17	17	17	17	17
0163) NtQueryInformationJobObject                          	208	277	272	278	296	299	308	305	308	311	317	320	322	323	323	323	324	324	324	324
0164) NtQueryInformationPort                               	209	278	273	279	297	300	309	306	309	312	318	321	323	324	324	324	325	325	325	325
0165) NtQueryInformationProcess                            	22	22	22	22	23	24	25	25	25	25	25	25	25	25	25	25	25	25	25	25
0166) NtQueryInformationThread                             	34	34	34	34	35	36	37	37	37	37	37	37	37	37	37	37	37	37	37	37
0167) NtQueryInformationToken                              	30	30	30	30	31	32	33	33	33	33	33	33	33	33	33	33	33	33	33	33
0168) NtQueryInstallUILanguage                             	210	283	278	284	302	305	315	311	314	317	323	326	328	329	329	329	330	330	330	330
0169) NtQueryIntervalProfile                               	211	284	279	285	303	306	316	312	315	318	324	327	329	330	330	330	331	331	331	331
0170) NtQueryIoCompletion                                  	212	285	280	286	304	307	317	313	316	319	325	328	330	331	331	331	332	332	332	332
0171) NtQueryKey                                           	19	19	19	19	20	21	22	22	22	22	22	22	22	22	22	22	22	22	22	22
0172) NtQueryMultipleValueKey                              	213	287	282	288	306	309	319	315	318	321	327	330	332	333	333	333	334	334	334	334
0173) NtQueryMutant                                        	214	288	283	289	307	310	320	316	319	322	328	331	333	334	334	334	335	335	335	335
0174) NtQueryObject                                        	13	13	13	13	14	15	16	16	16	16	16	16	16	16	16	16	16	16	16	16
0175) NtQueryOpenSubKeys                                   	215	289	284	290	308	311	321	317	320	323	329	332	334	335	335	335	336	336	336	336
0176) NtQueryOpenSubKeysEx                                 	216	290	285	291	309	312	322	318	321	324	330	333	335	336	336	336	337	337	337	337
0177) NtQueryPerformanceCounter                            	46	46	46	46	47	48	49	49	49	49	49	49	49	49	49	49	49	49	49	49
0178) NtQueryPortInformationProcess                        	217	291	286	292	310	313	323	319	322	325	331	334	336	337	337	337	338	338	338	338
0179) NtQueryQuotaInformationFile                          	218	292	287	293	311	314	324	320	323	326	332	335	337	338	338	338	339	339	339	339
0180) NtQuerySection                                       	78	78	78	78	79	80	81	81	81	81	81	81	81	81	81	81	81	81	81	81
0181) NtQuerySecurityObject                                	219	293	288	295	313	316	326	322	325	328	334	337	339	340	340	340	341	341	341	341
0182) NtQuerySemaphore                                     	220	294	289	296	314	317	327	323	326	330	336	339	341	342	342	342	343	343	343	343
0183) NtQuerySymbolicLinkObject                            	221	295	290	297	315	318	328	324	327	331	337	340	342	343	343	343	344	344	344	344
0184) NtQuerySystemEnvironmentValue                        	222	296	291	298	316	319	329	325	328	332	338	341	343	344	344	344	345	345	345	345
0185) NtQuerySystemEnvironmentValueEx                      	223	297	292	299	317	320	330	326	329	333	339	342	344	345	345	345	346	346	346	346
0186) NtQuerySystemInformation                             	51	51	51	51	52	53	54	54	54	54	54	54	54	54	54	54	54	54	54	54
0187) NtQueryTimer                                         	53	53	53	53	54	55	56	56	56	56	56	56	56	56	56	56	56	56	56	56
0188) NtQueryTimerResolution                               	224	298	293	301	319	322	332	328	331	335	341	344	346	347	347	347	348	348	348	348
0189) NtQueryValueKey                                      	20	20	20	20	21	22	23	23	23	23	23	23	23	23	23	23	23	23	23	23
0190) NtQueryVirtualMemory                                 	32	32	32	32	33	34	35	35	35	35	35	35	35	35	35	35	35	35	35	35
0191) NtQueryVolumeInformationFile                         	70	70	70	70	71	72	73	73	73	73	73	73	73	73	73	73	73	73	73	73
0192) NtQueueApcThread                                     	66	66	66	66	67	68	69	69	69	69	69	69	69	69	69	69	69	69	69	69
0193) NtRaiseException                                     	225	299	294	303	323	326	336	332	335	339	345	348	350	351	351	351	352	352	352	352
0194) NtRaiseHardError                                     	226	300	295	304	324	327	337	333	336	340	346	349	351	352	352	352	353	353	353	353
0195) NtReadFile                                           	3	3	3	3	4	5	6	6	6	6	6	6	6	6	6	6	6	6	6	6
0196) NtReadFileScatter                                    	43	43	43	43	44	45	46	46	46	46	46	46	46	46	46	46	46	46	46	46
0197) NtReadRequestData                                    	81	81	81	81	82	83	84	84	84	84	84	84	84	84	84	84	84	84	84	84
0198) NtReadVirtualMemory                                  	60	60	60	60	61	62	63	63	63	63	63	63	63	63	63	63	63	63	63	63
0199) NtRegisterThreadTerminatePort                        	227	306	301	310	330	333	343	339	342	346	352	355	357	358	358	358	359	359	359	359
0200) NtReleaseKeyedEvent                                  	228	308	303	311	331	334	344	340	343	347	353	356	358	359	359	359	360	360	360	360
0201) NtReleaseMutant                                      	29	29	29	29	30	31	32	32	32	32	32	32	32	32	32	32	32	32	32	32
0202) NtReleaseSemaphore                                   	7	7	7	7	8	9	10	10	10	10	10	10	10	10	10	10	10	10	10	10
0203) NtRemoveIoCompletion                                 	6	6	6	6	7	8	9	9	9	9	9	9	9	9	9	9	9	9	9	9
0204) NtRemoveProcessDebug                                 	229	311	306	314	334	337	347	343	346	350	356	359	361	362	362	362	363	363	363	363
0205) NtRenameKey                                          	230	312	307	315	335	338	348	344	347	351	357	360	362	363	363	363	364	364	364	364
0206) NtReplaceKey                                         	231	313	309	317	337	340	350	346	349	353	359	362	364	365	365	365	366	366	366	366
0207) NtReplyPort                                          	9	9	9	9	10	11	12	12	12	12	12	12	12	12	12	12	12	12	12	12
0208) NtReplyWaitReceivePort                               	8	8	8	8	9	10	11	11	11	11	11	11	11	11	11	11	11	11	11	11
0209) NtReplyWaitReceivePortEx                             	40	40	40	40	41	42	43	43	43	43	43	43	43	43	43	43	43	43	43	43
0210) NtReplyWaitReplyPort                                 	232	314	311	319	339	342	352	348	351	355	361	364	366	367	367	367	368	368	368	368
0211) NtRequestDeviceWakeup                                	233	315	312	 	 	 	 	 	 	 	 	 	 	 	 	 	 	 	 	 
0212) NtRequestPort                                        	234	316	313	320	340	343	353	349	352	356	362	365	367	368	368	368	369	369	369	369
0213) NtRequestWaitReplyPort                               	31	31	31	31	32	33	34	34	34	34	34	34	34	34	34	34	34	34	34	34
0214) NtRequestWakeupLatency                               	235	317	314	 	 	 	 	 	 	 	 	 	 	 	 	 	 	 	 	 
0215) NtResetEvent                                         	236	318	315	321	341	344	354	350	353	357	363	366	368	369	369	369	370	370	370	370
0216) NtResetWriteWatch                                    	237	319	316	322	342	345	355	351	354	358	364	367	369	370	370	370	371	371	371	371
0217) NtRestoreKey                                         	238	320	317	323	343	346	356	352	355	359	365	368	370	371	371	371	372	372	372	372
0218) NtResumeProcess                                      	239	321	318	324	344	347	357	353	356	360	366	369	371	372	372	372	373	373	373	373
0219) NtResumeThread                                       	79	79	79	79	80	81	82	82	82	82	82	82	82	82	82	82	82	82	82	82
0220) NtSaveKey                                            	240	327	323	329	349	352	363	359	362	367	373	376	378	379	379	379	380	380	380	380
0221) NtSaveKeyEx                                          	241	328	324	330	350	353	364	360	363	368	374	377	379	380	380	380	381	381	381	381
0222) NtSaveMergedKeys                                     	242	329	325	331	351	354	365	361	364	369	375	378	380	381	381	381	382	382	382	382
0223) NtSecureConnectPort                                  	243	332	326	332	352	355	366	362	365	370	376	379	381	382	382	382	383	383	383	383
0224) NtSetBootEntryOrder                                  	244	333	327	334	354	357	368	364	367	372	378	381	383	384	384	384	385	385	385	385
0225) NtSetBootOptions                                     	245	334	328	335	355	358	369	365	368	373	379	382	384	385	385	385	386	386	386	386
0226) NtSetContextThread                                   	246	335	329	336	357	360	371	367	370	376	382	385	387	388	388	388	389	389	389	389
0227) NtSetDebugFilterState                                	247	336	330	337	358	361	372	368	371	377	383	386	388	389	389	389	390	390	390	390
0228) NtSetDefaultHardErrorPort                            	248	337	331	338	359	362	373	369	372	378	384	387	389	390	390	390	391	391	391	391
0229) NtSetDefaultLocale                                   	249	338	332	339	360	363	374	370	373	379	385	388	390	391	391	391	392	392	392	392
0230) NtSetDefaultUILanguage                               	250	339	333	340	361	364	375	371	374	380	386	389	391	392	392	392	393	393	393	393
0231) NtSetDriverEntryOrder                                	251	340	334	341	362	365	376	372	375	381	387	390	392	393	393	393	394	394	394	394
0232) NtSetEaFile                                          	252	341	335	342	363	366	377	373	376	382	388	391	393	394	394	394	395	395	395	395
0233) NtSetEvent                                           	11	11	11	11	12	13	14	14	14	14	14	14	14	14	14	14	14	14	14	14
0234) NtSetEventBoostPriority                              	42	42	42	42	43	44	45	45	45	45	45	45	45	45	45	45	45	45	45	45
0235) NtSetHighEventPair                                   	253	342	336	343	364	367	378	374	377	383	389	392	394	395	395	395	396	396	396	396
0236) NtSetHighWaitLowEventPair                            	254	343	337	344	365	368	379	375	378	384	390	393	395	396	396	396	397	397	397	397
0237) NtSetInformationDebugObject                          	255	344	338	345	367	370	381	377	380	386	392	395	397	398	398	398	399	399	399	399
0238) NtSetInformationFile                                 	36	36	36	36	37	38	39	39	39	39	39	39	39	39	39	39	39	39	39	39
0239) NtSetInformationJobObject                            	256	346	340	347	369	372	383	379	382	388	394	397	399	400	400	400	401	401	401	401
0240) NtSetInformationKey                                  	257	347	341	348	370	373	384	380	383	389	395	398	400	401	401	401	402	402	402	402
0241) NtSetInformationObject                               	89	89	89	89	90	91	92	92	92	92	92	92	92	92	92	92	92	92	92	92
0242) NtSetInformationProcess                              	25	25	25	25	26	27	28	28	28	28	28	28	28	28	28	28	28	28	28	28
0243) NtSetInformationThread                               	10	10	10	10	11	12	13	13	13	13	13	13	13	13	13	13	13	13	13	13
0244) NtSetInformationToken                                	258	349	343	350	372	375	387	383	386	392	398	401	403	404	404	404	405	405	405	405
0245) NtSetIntervalProfile                                 	259	353	347	354	377	380	392	388	391	397	403	406	408	409	409	409	410	410	410	410
0246) NtSetIoCompletion                                    	260	354	348	355	378	381	393	389	392	398	404	407	409	410	410	410	411	411	411	411
0247) NtSetLdtEntries                                      	261	355	349	357	380	383	395	391	394	400	406	409	411	412	412	412	413	413	413	413
0248) NtSetLowEventPair                                    	262	356	350	358	381	384	396	392	395	401	407	410	412	413	413	413	414	414	414	414
0249) NtSetLowWaitHighEventPair                            	263	357	351	359	382	385	397	393	396	402	408	411	413	414	414	414	415	415	415	415
0250) NtSetQuotaInformationFile                            	264	358	352	360	383	386	398	394	397	403	409	412	414	415	415	415	416	416	416	416
0251) NtSetSecurityObject                                  	265	359	353	361	384	387	399	395	398	404	410	413	415	416	416	416	417	417	417	417
0252) NtSetSystemEnvironmentValue                          	266	360	354	362	385	388	400	396	399	405	411	414	416	417	417	417	418	418	418	418
0253) NtSetSystemEnvironmentValueEx                        	267	361	355	363	386	389	401	397	400	406	412	415	417	418	418	418	419	419	419	419
0254) NtSetSystemInformation                               	268	362	356	364	387	390	402	398	401	407	413	416	418	419	419	419	420	420	420	420
0255) NtSetSystemPowerState                                	269	363	357	365	388	391	403	399	402	408	414	417	419	420	420	420	421	421	421	421
0256) NtSetSystemTime                                      	270	364	358	366	389	392	404	400	403	409	415	418	420	421	421	421	422	422	422	422
0257) NtSetThreadExecutionState                            	271	365	359	367	390	393	405	401	404	410	416	419	421	422	422	422	423	423	423	423
0258) NtSetTimer                                           	95	95	95	95	96	97	98	98	98	98	98	98	98	98	98	98	98	98	98	98
0259) NtSetTimerResolution                                 	272	366	360	369	392	396	408	404	407	413	419	422	424	425	425	425	426	426	426	426
0260) NtSetUuidSeed                                        	273	367	361	370	393	397	409	405	408	414	420	423	425	426	426	426	427	427	427	427
0261) NtSetValueKey                                        	93	93	93	93	94	95	96	96	96	96	96	96	96	96	96	96	96	96	96	96
0262) NtSetVolumeInformationFile                           	274	368	362	371	394	398	410	406	409	415	421	424	426	427	427	427	428	428	428	428
0263) NtShutdownSystem                                     	275	369	363	372	395	400	412	408	411	417	423	426	428	429	429	429	430	430	430	430
0264) NtSignalAndWaitForSingleObject                       	276	371	365	374	397	402	414	410	413	419	425	428	430	431	431	431	432	432	432	432
0265) NtStartProfile                                       	277	373	367	376	399	404	416	412	415	421	427	430	432	433	433	433	434	434	434	434
0266) NtStopProfile                                        	278	375	368	377	400	405	417	413	416	422	428	431	433	434	434	434	435	435	435	435
0267) NtSuspendProcess                                     	279	376	369	378	402	407	419	415	418	424	430	433	435	436	436	436	437	437	437	437
0268) NtSuspendThread                                      	280	377	370	379	403	408	420	416	419	425	431	434	436	437	437	437	438	438	438	438
0269) NtSystemDebugControl                                 	281	378	371	380	404	409	421	417	420	426	432	435	437	438	438	438	439	439	439	439
0270) NtTerminateJobObject                                 	282	379	372	381	405	410	422	418	421	427	433	437	439	440	440	440	441	441	441	441
0271) NtTerminateProcess                                   	41	41	41	41	42	43	44	44	44	44	44	44	44	44	44	44	44	44	44	44
0272) NtTerminateThread                                    	80	80	80	80	81	82	83	83	83	83	83	83	83	83	83	83	83	83	83	83
0273) NtTestAlert                                          	283	380	373	382	406	411	424	419	422	428	434	438	440	441	441	441	442	442	442	442
0274) NtTraceEvent                                         	91	91	91	91	92	93	94	94	94	94	94	94	94	94	94	94	94	94	94	94
0275) NtTranslateFilePath                                  	284	384	377	386	410	415	428	423	426	432	438	442	444	445	445	445	446	446	446	446
0276) NtUnloadDriver                                       	285	385	378	388	412	417	430	425	428	434	440	444	446	447	447	447	448	448	448	448
0277) NtUnloadKey                                          	286	386	379	389	413	418	431	426	429	435	441	445	447	448	448	448	449	449	449	449
0278) NtUnloadKey2                                         	287	387	380	390	414	419	432	427	430	436	442	446	448	449	449	449	450	450	450	450
0279) NtUnloadKeyEx                                        	288	388	381	391	415	420	433	428	431	437	443	447	449	450	450	450	451	451	451	451
0280) NtUnlockFile                                         	289	389	382	392	416	421	434	429	432	438	444	448	450	451	451	451	452	452	452	452
0281) NtUnlockVirtualMemory                                	290	390	383	393	417	422	435	430	433	439	445	449	451	452	452	452	453	453	453	453
0282) NtUnmapViewOfSection                                 	39	39	39	39	40	41	42	42	42	42	42	42	42	42	42	42	42	42	42	42
0283) NtVdmControl                                         	291	391	384	394	421	426	439	434	437	443	449	453	455	456	456	456	457	457	457	457
0284) NtWaitForDebugEvent                                  	292	392	385	395	423	428	441	436	439	445	451	455	457	458	458	458	459	459	459	459
0285) NtWaitForKeyedEvent                                  	293	393	386	396	424	429	442	437	440	446	452	456	458	459	459	459	460	460	460	460
0286) NtWaitForMultipleObjects                             	88	88	88	88	89	90	91	91	91	91	91	91	91	91	91	91	91	91	91	91
0287) NtWaitForMultipleObjects32                           	23	23	23	23	24	25	26	26	26	26	26	26	26	26	26	26	26	26	26	26
0288) NtWaitForSingleObject                                	1	1	1	1	2	3	4	4	4	4	4	4	4	4	4	4	4	4	4	4
0289) NtWaitHighEventPair                                  	294	395	388	398	427	431	444	439	442	448	454	458	460	461	461	461	462	462	462	462
0290) NtWaitLowEventPair                                   	295	396	389	399	428	432	445	440	443	449	455	459	461	462	462	462	463	463	463	463
0291) NtWriteFile                                          	5	5	5	5	6	7	8	8	8	8	8	8	8	8	8	8	8	8	8	8
0292) NtWriteFileGather                                    	24	24	24	24	25	26	27	27	27	27	27	27	27	27	27	27	27	27	27	27
0293) NtWriteRequestData                                   	84	84	84	84	85	86	87	87	87	87	87	87	87	87	87	87	87	87	87	87
0294) NtWriteVirtualMemory                                 	55	55	55	55	56	57	58	58	58	58	58	58	58	58	58	58	58	58	58	58
0295) NtYieldExecution                                     	67	67	67	67	68	69	70	70	70	70	70	70	70	70	70	70	70	70	70	70
0296) NtAcquireCMFViewOwnership                            	 	102	102	 	 	 	 	 	 	 	 	 	 	 	 	 	 	 	 	 
0297) NtAlpcAcceptConnectPort                              	 	111	111	111	115	115	115	115	115	115	116	116	117	117	117	117	117	117	117	117
0298) NtAlpcCancelMessage                                  	 	112	112	112	116	116	116	116	116	116	117	117	118	118	118	118	118	118	118	118
0299) NtAlpcConnectPort                                    	 	113	113	113	117	117	117	117	117	117	118	118	119	119	119	119	119	119	119	119
0300) NtAlpcCreatePort                                     	 	114	114	114	119	119	119	119	119	119	120	120	121	121	121	121	121	121	121	121
0301) NtAlpcCreatePortSection                              	 	115	115	115	120	120	120	120	120	120	121	121	122	122	122	122	122	122	122	122
0302) NtAlpcCreateResourceReserve                          	 	116	116	116	121	121	121	121	121	121	122	122	123	123	123	123	123	123	123	123
0303) NtAlpcCreateSectionView                              	 	117	117	117	122	122	122	122	122	122	123	123	124	124	124	124	124	124	124	124
0304) NtAlpcCreateSecurityContext                          	 	118	118	118	123	123	123	123	123	123	124	124	125	125	125	125	125	125	125	125
0305) NtAlpcDeletePortSection                              	 	119	119	119	124	124	124	124	124	124	125	125	126	126	126	126	126	126	126	126
0306) NtAlpcDeleteResourceReserve                          	 	120	120	120	125	125	125	125	125	125	126	126	127	127	127	127	127	127	127	127
0307) NtAlpcDeleteSectionView                              	 	121	121	121	126	126	126	126	126	126	127	127	128	128	128	128	128	128	128	128
0308) NtAlpcDeleteSecurityContext                          	 	122	122	122	127	127	127	127	127	127	128	128	129	129	129	129	129	129	129	129
0309) NtAlpcDisconnectPort                                 	 	123	123	123	128	128	128	128	128	128	129	129	130	130	130	130	130	130	130	130
0310) NtAlpcImpersonateClientOfPort                        	 	124	124	124	129	129	130	130	130	130	131	131	132	132	132	132	132	132	132	132
0311) NtAlpcOpenSenderProcess                              	 	125	125	125	130	130	131	131	131	131	132	132	133	133	133	133	133	133	133	133
0312) NtAlpcOpenSenderThread                               	 	126	126	126	131	131	132	132	132	132	133	133	134	134	134	134	134	134	134	134
0313) NtAlpcQueryInformation                               	 	127	127	127	132	132	133	133	133	133	134	134	135	135	135	135	135	135	135	135
0314) NtAlpcQueryInformationMessage                        	 	128	128	128	133	133	134	134	134	134	135	135	136	136	136	136	136	136	136	136
0315) NtAlpcRevokeSecurityContext                          	 	129	129	129	134	134	135	135	135	135	136	136	137	137	137	137	137	137	137	137
0316) NtAlpcSendWaitReceivePort                            	 	130	130	130	135	135	136	136	136	136	137	137	138	138	138	138	138	138	138	138
0317) NtAlpcSetInformation                                 	 	131	131	131	136	136	137	137	137	137	138	138	139	139	139	139	139	139	139	139
0318) NtCancelIoFileEx                                     	 	135	135	134	140	140	142	141	141	141	142	143	144	144	144	144	144	144	144	144
0319) NtCancelSynchronousIoFile                            	 	136	136	135	141	141	143	142	142	142	143	144	145	145	145	145	145	145	145	145
0320) NtClearAllSavepointsTransaction                      	 	137	 	 	 	 	 	 	 	 	 	 	 	 	 	 	 	 	 	 
0321) NtClearSavepointTransaction                          	 	138	 	 	 	 	 	 	 	 	 	 	 	 	 	 	 	 	 	 
0322) NtCommitComplete                                     	 	139	137	136	143	144	146	145	145	145	146	147	148	148	148	148	148	148	148	148
0323) NtCommitEnlistment                                   	 	140	138	137	144	145	147	146	146	146	147	148	149	149	149	149	149	149	149	149
0324) NtCommitTransaction                                  	 	141	139	138	145	146	148	147	147	148	149	150	151	151	151	151	151	151	151	151
0325) NtCreateEnlistment                                   	 	149	147	146	154	155	158	157	158	159	162	163	164	164	164	164	165	165	165	165
0326) NtCreateKeyTransacted                                	 	154	152	151	160	161	164	163	164	165	168	169	170	170	170	170	171	171	171	171
0327) NtCreatePrivateNamespace                             	 	161	159	158	168	169	173	172	173	174	177	178	179	179	179	179	180	180	180	180
0328) NtCreateResourceManager                              	 	164	162	162	172	173	177	176	177	179	182	183	184	184	184	184	185	185	185	185
0329) NtCreateThreadEx                                     	 	167	165	165	175	176	181	179	180	182	185	186	187	188	188	188	189	189	189	189
0330) NtCreateTransaction                                  	 	170	168	168	179	181	186	184	185	187	190	191	192	193	193	193	194	194	194	194
0331) NtCreateTransactionManager                           	 	171	169	169	180	182	187	185	186	188	191	192	193	194	194	194	195	195	195	195
0332) NtCreateUserProcess                                  	 	172	170	170	181	183	188	186	187	189	192	193	194	195	195	195	196	196	196	196
0333) NtCreateWorkerFactory                                	 	174	172	172	185	187	192	190	191	193	196	197	198	199	199	199	200	200	200	200
0334) NtDeletePrivateNamespace                             	 	183	181	181	194	196	201	199	200	202	205	206	207	208	208	208	209	209	209	209
0335) NtEnumerateTransactionObject                         	 	189	187	190	205	207	212	210	211	213	216	217	218	219	219	219	220	220	220	220
0336) NtFlushInstallUILanguage                             	 	192	190	193	211	213	218	216	217	219	222	223	224	225	225	225	226	226	226	226
0337) NtFlushProcessWriteBuffers                           	 	195	193	196	214	216	221	219	220	222	225	226	227	228	228	228	229	229	229	229
0338) NtFreezeRegistry                                     	 	199	197	200	218	220	225	223	224	226	229	230	231	232	232	232	233	233	233	233
0339) NtFreezeTransactions                                 	 	200	198	201	219	221	226	224	225	227	230	231	232	233	233	233	234	234	234	234
0340) NtGetMUIRegistryInfo                                 	 	204	202	205	224	227	233	231	232	234	237	238	239	240	240	240	241	241	241	241
0341) NtGetNextProcess                                     	 	205	203	206	225	228	234	232	233	235	238	239	240	241	241	241	242	242	242	242
0342) NtGetNextThread                                      	 	206	204	207	226	229	235	233	234	236	239	240	241	242	242	242	243	243	243	243
0343) NtGetNlsSectionPtr                                   	 	207	205	208	227	230	236	234	235	237	240	241	242	243	243	243	244	244	244	244
0344) NtGetNotificationResourceManager                     	 	208	206	209	228	231	237	235	236	238	241	242	243	244	244	244	245	245	245	245
0345) NtInitializeNlsFiles                                 	 	213	211	214	232	235	241	239	241	243	246	247	248	249	249	249	250	250	250	250
0346) NtIsUILanguageComitted                               	 	217	215	218	236	239	245	243	245	247	250	251	252	253	253	253	254	254	254	254
0347) NtListTransactions                                   	 	218	 	 	 	 	 	 	 	 	 	 	 	 	 	 	 	 	 	 
0348) NtMapCMFModule                                       	 	230	227	230	248	251	258	256	259	261	265	266	267	268	268	268	269	269	269	269
0349) NtMarshallTransaction                                	 	232	 	 	 	 	 	 	 	 	 	 	 	 	 	 	 	 	 	 
0350) NtOpenEnlistment                                     	 	238	234	238	256	259	266	264	267	269	273	275	277	278	278	278	279	279	279	279
0351) NtOpenKeyTransacted                                  	 	242	238	243	261	264	271	269	272	274	278	280	282	283	283	283	284	284	284	284
0352) NtOpenPrivateNamespace                               	 	246	242	248	266	269	277	275	278	280	284	286	288	289	289	289	290	290	290	290
0353) NtOpenResourceManager                                	 	248	244	250	268	271	279	277	280	283	287	289	291	292	292	292	293	293	293	293
0354) NtOpenSession                                        	 	250	246	252	270	273	281	279	282	285	289	291	293	294	294	294	295	295	295	295
0355) NtOpenTransaction                                    	 	254	250	256	274	277	286	283	286	289	293	295	297	298	298	298	299	299	299	299
0356) NtOpenTransactionManager                             	 	255	251	257	275	278	287	284	287	290	294	296	298	299	299	299	300	300	300	300
0357) NtPrepareComplete                                    	 	259	255	261	279	282	291	288	291	294	298	300	302	303	303	303	304	304	304	304
0358) NtPrepareEnlistment                                  	 	260	256	262	280	283	292	289	292	295	299	301	303	304	304	304	305	305	305	305
0359) NtPrePrepareComplete                                 	 	257	253	259	277	280	289	286	289	292	296	298	300	301	301	301	302	302	302	302
0360) NtPrePrepareEnlistment                               	 	258	254	260	278	281	290	287	290	293	297	299	301	302	302	302	303	303	303	303
0361) NtPropagationComplete                                	 	264	260	266	284	287	296	293	296	299	303	305	307	308	308	308	309	309	309	309
0362) NtPropagationFailed                                  	 	265	261	267	285	288	297	294	297	300	304	306	308	309	309	309	310	310	310	310
0363) NtPullTransaction                                    	 	266	 	 	 	 	 	 	 	 	 	 	 	 	 	 	 	 	 	 
0364) NtQueryInformationEnlistment                         	 	276	271	277	295	298	307	304	307	310	316	319	321	322	322	322	323	323	323	323
0365) NtQueryInformationResourceManager                    	 	279	274	280	298	301	310	307	310	313	319	322	324	325	325	325	326	326	326	326
0366) NtQueryInformationTransaction                        	 	280	275	281	299	302	312	308	311	314	320	323	325	326	326	326	327	327	327	327
0367) NtQueryInformationTransactionManager                 	 	281	276	282	300	303	313	309	312	315	321	324	326	327	327	327	328	328	328	328
0368) NtQueryInformationWorkerFactory                      	 	282	277	283	301	304	314	310	313	316	322	325	327	328	328	328	329	329	329	329
0369) NtQueryLicenseValue                                  	 	286	281	287	305	308	318	314	317	320	326	329	331	332	332	332	333	333	333	333
0370) NtReadOnlyEnlistment                                 	 	301	296	305	325	328	338	334	337	341	347	350	352	353	353	353	354	354	354	354
0371) NtRecoverEnlistment                                  	 	302	297	306	326	329	339	335	338	342	348	351	353	354	354	354	355	355	355	355
0372) NtRecoverResourceManager                             	 	303	298	307	327	330	340	336	339	343	349	352	354	355	355	355	356	356	356	356
0373) NtRecoverTransactionManager                          	 	304	299	308	328	331	341	337	340	344	350	353	355	356	356	356	357	357	357	357
0374) NtRegisterProtocolAddressInformation                 	 	305	300	309	329	332	342	338	341	345	351	354	356	357	357	357	358	358	358	358
0375) NtReleaseCMFViewOwnership                            	 	307	302	 	 	 	 	 	 	 	 	 	 	 	 	 	 	 	 	 
0376) NtReleaseWorkerFactoryWorker                         	 	309	304	312	332	335	345	341	344	348	354	357	359	360	360	360	361	361	361	361
0377) NtRemoveIoCompletionEx                               	 	310	305	313	333	336	346	342	345	349	355	358	360	361	361	361	362	362	362	362
0378) NtRollbackComplete                                   	 	322	319	325	345	348	359	355	358	362	368	371	373	374	374	374	375	375	375	375
0379) NtRollbackEnlistment                                 	 	323	320	326	346	349	360	356	359	363	369	372	374	375	375	375	376	376	376	376
0380) NtRollbackSavepointTransaction                       	 	324	 	 	 	 	 	 	 	 	 	 	 	 	 	 	 	 	 	 
0381) NtRollbackTransaction                                	 	325	321	327	347	350	361	357	360	365	371	374	376	377	377	377	378	378	378	378
0382) NtRollforwardTransactionManager                      	 	326	322	328	348	351	362	358	361	366	372	375	377	378	378	378	379	379	379	379
0383) NtSavepointComplete                                  	 	330	 	 	 	 	 	 	 	 	 	 	 	 	 	 	 	 	 	 
0384) NtSavepointTransaction                               	 	331	 	 	 	 	 	 	 	 	 	 	 	 	 	 	 	 	 	 
0385) NtSetInformationEnlistment                           	 	345	339	346	368	371	382	378	381	387	393	396	398	399	399	399	400	400	400	400
0386) NtSetInformationResourceManager                      	 	348	342	349	371	374	385	381	384	390	396	399	401	402	402	402	403	403	403	403
0387) NtSetInformationTransaction                          	 	350	344	351	373	376	388	384	387	393	399	402	404	405	405	405	406	406	406	406
0388) NtSetInformationTransactionManager                   	 	351	345	352	374	377	389	385	388	394	400	403	405	406	406	406	407	407	407	407
0389) NtSetInformationWorkerFactory                        	 	352	346	353	376	379	391	387	390	396	402	405	407	408	408	408	409	409	409	409
0390) NtShutdownWorkerFactory                              	 	370	364	373	396	401	413	409	412	418	424	427	429	430	430	430	431	431	431	431
0391) NtSinglePhaseReject                                  	 	372	366	375	398	403	415	411	414	420	426	429	431	432	432	432	433	433	433	433
0392) NtStartTm                                            	 	374	 	 	 	 	 	 	 	 	 	 	 	 	 	 	 	 	 	 
0393) NtThawRegistry                                       	 	381	374	383	407	412	425	420	423	429	435	439	441	442	442	442	443	443	443	443
0394) NtThawTransactions                                   	 	382	375	384	408	413	426	421	424	430	436	440	442	443	443	443	444	444	444	444
0395) NtTraceControl                                       	 	383	376	385	409	414	427	422	425	431	437	441	443	444	444	444	445	445	445	445
0396) NtWaitForWorkViaWorkerFactory                        	 	394	387	397	426	430	443	438	441	447	453	457	459	460	460	460	461	461	461	461
0397) NtWorkerFactoryWorkerReady                           	 	397	390	400	0	0	1	1	1	1	1	1	1	1	1	1	1	1	1	1
0398) NtRenameTransactionManager                           	 	 	308	316	336	339	349	345	348	352	358	361	363	364	364	364	365	365	365	365
0399) NtReplacePartitionUnit                               	 	 	310	318	338	341	351	347	350	354	360	363	365	366	366	366	367	367	367	367
0400) NtAllocateReserveObject                              	 	 	 	108	112	112	112	112	112	112	113	113	113	113	113	113	113	113	113	113
0401) NtCreateProfileEx                                    	 	 	 	161	171	172	176	175	176	177	180	181	182	182	182	182	183	183	183	183
0402) NtDisableLastKnownGood                               	 	 	 	183	198	200	205	203	204	206	209	210	211	212	212	212	213	213	213	213
0403) NtDrawText                                           	 	 	 	185	200	202	207	205	206	208	211	212	213	214	214	214	215	215	215	215
0404) NtEnableLastKnownGood                                	 	 	 	186	201	203	208	206	207	209	212	213	214	215	215	215	216	216	216	216
0405) NtNotifyChangeSession                                	 	 	 	237	255	258	265	263	266	268	272	274	276	277	277	277	278	278	278	278
0406) NtOpenKeyEx                                          	 	 	 	242	260	263	270	268	271	273	277	279	281	282	282	282	283	283	283	283
0407) NtOpenKeyTransactedEx                                	 	 	 	244	262	265	272	270	273	275	279	281	283	284	284	284	285	285	285	285
0408) NtQuerySecurityAttributesToken                       	 	 	 	294	312	315	325	321	324	327	333	336	338	339	339	339	340	340	340	340
0409) NtQuerySystemInformationEx                           	 	 	 	300	318	321	331	327	330	334	340	343	345	346	346	346	347	347	347	347
0410) NtQueueApcThreadEx                                   	 	 	 	302	322	325	335	331	334	338	344	347	349	350	350	350	351	351	351	351
0411) NtSerializeBoot                                      	 	 	 	333	353	356	367	363	366	371	377	380	382	383	383	383	384	384	384	384
0412) NtSetIoCompletionEx                                  	 	 	 	356	379	382	394	390	393	399	405	408	410	411	411	411	412	412	412	412
0413) NtSetTimerEx                                         	 	 	 	368	391	395	407	403	406	412	418	421	423	424	424	424	425	425	425	425
0414) NtUmsThreadYield                                     	 	 	 	387	411	416	429	424	427	433	439	443	445	446	446	446	447	447	447	447
0415) NtAddAtomEx                                          	 	 	 	 	103	103	103	103	103	103	104	104	104	104	104	104	104	104	104	104
0416) NtAdjustTokenClaimsAndDeviceGroups                   	 	 	 	 	107	107	107	107	107	107	108	108	108	108	108	108	108	108	108	108
0417) NtAlertThreadByThreadId                              	 	 	 	 	110	110	110	110	110	110	111	111	111	111	111	111	111	111	111	111
0418) NtAlpcConnectPortEx                                  	 	 	 	 	118	118	118	118	118	118	119	119	120	120	120	120	120	120	120	120
0419) NtAssociateWaitCompletionPacket                      	 	 	 	 	139	139	141	140	140	140	141	141	142	142	142	142	142	142	142	142
0420) NtCancelWaitCompletionPacket                         	 	 	 	 	142	143	145	144	144	144	145	146	147	147	147	147	147	147	147	147
0421) NtCreateDirectoryObjectEx                            	 	 	 	 	153	154	157	156	156	157	160	161	162	162	162	162	163	163	163	163
0422) NtCreateIRTimer                                      	 	 	 	 	156	157	160	159	160	161	164	165	166	166	166	166	167	167	167	167
0423) NtCreateLowBoxToken                                  	 	 	 	 	162	163	166	165	166	167	170	171	172	172	172	172	173	173	173	173
0424) NtCreateTokenEx                                      	 	 	 	 	178	180	185	183	184	186	189	190	191	192	192	192	193	193	193	193
0425) NtCreateWaitCompletionPacket                         	 	 	 	 	182	184	189	187	188	190	193	194	195	196	196	196	197	197	197	197
0426) NtCreateWnfStateName                                 	 	 	 	 	184	186	191	189	190	192	195	196	197	198	198	198	199	199	199	199
0427) NtDeleteWnfStateData                                 	 	 	 	 	196	198	203	201	202	204	207	208	209	210	210	210	211	211	211	211
0428) NtDeleteWnfStateName                                 	 	 	 	 	197	199	204	202	203	205	208	209	210	211	211	211	212	212	212	212
0429) NtFilterBootOption                                   	 	 	 	 	207	209	214	212	213	215	218	219	220	221	221	221	222	222	222	222
0430) NtFilterTokenEx                                      	 	 	 	 	209	211	216	214	215	217	220	221	222	223	223	223	224	224	224	224
0431) NtFlushBuffersFileEx                                 	 	 	 	 	210	212	217	215	216	218	221	222	223	224	224	224	225	225	225	225
0432) NtGetCachedSigningLevel                              	 	 	 	 	220	222	227	225	226	228	231	232	233	234	234	234	235	235	235	235
0433) NtQueryWnfStateData                                  	 	 	 	 	320	323	333	329	332	336	342	345	347	348	348	348	349	349	349	349
0434) NtQueryWnfStateNameInformation                       	 	 	 	 	321	324	334	330	333	337	343	346	348	349	349	349	350	350	350	350
0435) NtSetCachedSigningLevel                              	 	 	 	 	356	359	370	366	369	374	380	383	385	386	386	386	387	387	387	387
0436) NtSetInformationVirtualMemory                        	 	 	 	 	375	378	390	386	389	395	401	404	406	407	407	407	408	408	408	408
0437) NtSetIRTimer                                         	 	 	 	 	366	369	380	376	379	385	391	394	396	397	397	397	398	398	398	398
0438) NtSubscribeWnfStateChange                            	 	 	 	 	401	406	418	414	417	423	429	432	434	435	435	435	436	436	436	436
0439) NtUnmapViewOfSectionEx                               	 	 	 	 	418	423	436	431	434	440	446	450	452	453	453	453	454	454	454	454
0440) NtUnsubscribeWnfStateChange                          	 	 	 	 	419	424	437	432	435	441	447	451	453	454	454	454	455	455	455	455
0441) NtUpdateWnfStateData                                 	 	 	 	 	420	425	438	433	436	442	448	452	454	455	455	455	456	456	456	456
0442) NtWaitForAlertByThreadId                             	 	 	 	 	422	427	440	435	438	444	450	454	456	457	457	457	458	458	458	458
0443) NtWaitForWnfNotifications                            	 	 	 	 	425	 	 	 	 	 	 	 	 	 	 	 	 	 	 	 
0444) NtCancelTimer2                                       	 	 	 	 	 	142	144	143	143	143	144	145	146	146	146	146	146	146	146	146
0445) NtCreateTimer2                                       	 	 	 	 	 	178	183	181	182	184	187	188	189	190	190	190	191	191	191	191
0446) NtGetCompleteWnfStateSubscription                    	 	 	 	 	 	223	228	226	227	229	232	233	234	235	235	235	236	236	236	236
0447) NtSetTimer2                                          	 	 	 	 	 	394	406	402	405	411	417	420	422	423	423	423	424	424	424	424
0448) NtSetWnfProcessNotificationEvent                     	 	 	 	 	 	399	411	407	410	416	422	425	427	428	428	428	429	429	429	429
0449) NtAlpcImpersonateClientContainerOfPort               	 	 	 	 	 	 	129	129	129	129	130	130	131	131	131	131	131	131	131	131
0450) NtAssignProcessToSiloObject                          	 	 	 	 	 	 	140	 	 	 	 	 	 	 	 	 	 	 	 	 
0451) NtCompareObjects                                     	 	 	 	 	 	 	150	149	149	150	151	152	153	153	153	153	153	153	153	153
0452) NtCreatePartition                                    	 	 	 	 	 	 	171	170	171	172	175	176	177	177	177	177	178	178	178	178
0453) NtCreateSiloObject                                   	 	 	 	 	 	 	179	 	 	 	 	 	 	 	 	 	 	 	 	 
0454) NtGetCurrentProcessorNumberEx                        	 	 	 	 	 	 	231	229	230	232	235	236	237	238	238	238	239	239	239	239
0455) NtManagePartition                                    	 	 	 	 	 	 	257	255	258	260	264	265	266	267	267	267	268	268	268	268
0456) NtOpenPartition                                      	 	 	 	 	 	 	276	274	277	279	283	285	287	288	288	288	289	289	289	289
0457) NtOpenSiloObject                                     	 	 	 	 	 	 	282	 	 	 	 	 	 	 	 	 	 	 	 	 
0458) NtQueryInformationSiloObject                         	 	 	 	 	 	 	311	 	 	 	 	 	 	 	 	 	 	 	 	 
0459) NtRevertContainerImpersonation                       	 	 	 	 	 	 	358	354	357	361	367	370	372	373	373	373	374	374	374	374
0460) NtSetInformationSiloObject                           	 	 	 	 	 	 	386	 	 	 	 	 	 	 	 	 	 	 	 	 
0461) NtTerminateSiloObject                                	 	 	 	 	 	 	423	 	 	 	 	 	 	 	 	 	 	 	 	 
0462) NtSetInformationSymbolicLink                         	 	 	 	 	 	 	 	382	385	391	397	400	402	403	403	403	404	404	404	404
0463) NtCreateEnclave                                      	 	 	 	 	 	 	 	 	157	158	161	162	163	163	163	163	164	164	164	164
0464) NtInitializeEnclave                                  	 	 	 	 	 	 	 	 	240	242	245	246	247	248	248	248	249	249	249	249
0465) NtLoadEnclaveData                                    	 	 	 	 	 	 	 	 	248	250	253	254	255	256	256	256	257	257	257	257
0466) NtCommitRegistryTransaction                          	 	 	 	 	 	 	 	 	 	147	148	149	150	150	150	150	150	150	150	150
0467) NtCreateRegistryTransaction                          	 	 	 	 	 	 	 	 	 	178	181	182	183	183	183	183	184	184	184	184
0468) NtOpenRegistryTransaction                            	 	 	 	 	 	 	 	 	 	282	286	288	290	291	291	291	292	292	292	292
0469) NtQuerySecurityPolicy                                	 	 	 	 	 	 	 	 	 	329	335	338	340	341	341	341	342	342	342	342
0470) NtRollbackRegistryTransaction                        	 	 	 	 	 	 	 	 	 	364	370	373	375	376	376	376	377	377	377	377
0471) NtSetCachedSigningLevel2                             	 	 	 	 	 	 	 	 	 	375	381	384	386	387	387	387	388	388	388	388
0472) NtAcquireProcessActivityReference                    	 	 	 	 	 	 	 	 	 	 	103	103	103	103	103	103	103	103	103	103
0473) NtCompareSigningLevels                               	 	 	 	 	 	 	 	 	 	 	152	153	154	154	154	154	154	154	154	154
0474) NtConvertBetweenAuxiliaryCounterAndPerformanceCounter	 	 	 	 	 	 	 	 	 	 	157	158	159	159	159	159	159	159	159	159
0475) NtLoadHotPatch                                       	 	 	 	 	 	 	 	 	 	 	254	255	256	 	 	 	 	 	 	 
0476) NtQueryAuxiliaryCounterFrequency                     	 	 	 	 	 	 	 	 	 	 	306	308	310	311	311	311	312	312	312	312
0477) NtQueryInformationByName                             	 	 	 	 	 	 	 	 	 	 	315	318	320	321	321	321	322	322	322	322
0478) NtCallEnclave                                        	 	 	 	 	 	 	 	 	 	 	 	142	143	143	143	143	143	143	143	143
0479) NtNotifyChangeDirectoryFileEx                        	 	 	 	 	 	 	 	 	 	 	 	271	273	274	274	274	275	275	275	275
0480) NtQueryDirectoryFileEx                               	 	 	 	 	 	 	 	 	 	 	 	312	314	315	315	315	316	316	316	316
0481) NtTerminateEnclave                                   	 	 	 	 	 	 	 	 	 	 	 	436	438	439	439	439	440	440	440	440
0482) NtAllocateVirtualMemoryEx                            	 	 	 	 	 	 	 	 	 	 	 	 	116	116	116	116	116	116	116	116
0483) NtMapViewOfSectionEx                                 	 	 	 	 	 	 	 	 	 	 	 	 	269	270	270	270	271	271	271	271
0484) NtCreateSectionEx                                    	 	 	 	 	 	 	 	 	 	 	 	 	 	185	185	185	186	186	186	186
0485) NtManageHotPatch                                     	 	 	 	 	 	 	 	 	 	 	 	 	 	266	266	266	267	267	267	267
0486) NtCreateCrossVmEvent                                 	 	 	 	 	 	 	 	 	 	 	 	 	 	 	 	 	160	160	160	160
